-2145018316 0.000000
-2126441111 0.000000
-2114360603 0.000000
-2112957341 0.000000
-2109930383 0.000000
-2106504611 0.000000
-2098461498 0.000000
-2096064349 0.000000
-2094949072 0.000000
-2094582897 0.000000
-2088635557 0.000000
-2085803228 0.000000
-2084294430 0.000000
-2078751631 0.000000
-2075407378 0.000000
-2075253298 0.000000
-2074462430 0.000000
-2070762151 0.000000
-2070006103 0.000000
-2067962143 0.000000
-2067188452 0.000000
-2055537554 0.000000
-2046604980 0.000000
-2044585807 0.000000
-2039224854 0.000000
-2036122498 0.000000
-2034245031 0.000000
-2033327019 0.000000
-2030609912 0.000000
-2020559240 0.000000
-2016616348 0.000000
-2011194652 0.000000
-2010314243 0.000000
-2009994556 0.000000
-2009729757 0.000000
-2006897904 0.000000
-2003312337 0.000000
-2002242140 0.000000
-1999379634 0.000000
-1994413186 0.000000
-1990644297 0.000000
-1987832253 0.000000
-1983392233 0.000000
-1973491163 0.000000
-1973078375 0.000000
-1954685243 0.000000
-1946957399 0.000000
-1946779888 0.000000
-1942867819 0.000000
-1942333367 0.000000
-1938386630 0.000000
-1931472512 0.000000
-1925321418 0.000000
-1919287879 0.000000
-1919274907 0.000000
-1914408516 0.000000
-1913896064 0.000000
-1912981168 0.000000
-1911330175 0.000000
-1910416684 0.000000
-1909081809 0.000000
-1900023364 0.000000
-1894943711 0.000000
-1893147660 0.000000
-1884759242 0.000000
-1858353586 0.000000
-1856594721 0.000000
-1856550660 0.000000
-1851386735 0.000000
-1845124981 0.000000
-1839799143 0.000000
-1811489939 0.000000
-1807954815 0.000000
-1807265846 0.000000
-1806312469 0.000000
-1805690960 0.000000
-1804877924 0.000000
-1804541933 0.000000
-1799936060 0.000000
-1798803445 0.000000
-1796489133 0.000000
-1794998145 0.000000
-1782621945 0.000000
-1760380126 0.000000
-1752270290 0.000000
-1733000452 0.000000
-1728399566 0.000000
-1728119175 0.000000
-1723977548 0.000000
-1720113300 0.000000
-1716288786 0.000000
-1714867395 0.000000
-1713217522 0.000000
-1709347821 0.000000
-1708705105 0.000000
-1706117360 0.000000
-1700830035 0.000000
-1698844066 0.000000
-1689632484 0.000000
-1685513515 0.000000
-1681207289 0.000000
-1681090094 0.000000
-1677053694 0.000000
-1665744182 0.000000
-1654424278 0.000000
-1646627875 0.000000
-1643747027 0.000000
-1641814057 0.000000
-1640111113 0.000000
-1636283561 0.000000
-1635128491 0.000000
-1633965467 0.000000
-1633779618 0.000000
-1626717812 0.000000
-1614409057 0.000000
-1598660780 0.000000
-1597901148 0.000000
-1596219671 0.000000
-1588293598 0.000000
-1586691265 0.000000
-1571674087 0.000000
-1561447231 0.000000
-1548198241 0.000000
-1543830820 0.000000
-1539848926 0.000000
-1528789701 0.000000
-1526542524 0.000000
-1520937956 0.000000
-1515305069 0.000000
-1510704043 0.000000
-1510413694 0.000000
-1496032929 0.000000
-1478377890 0.000000
-1476170997 0.000000
-1470866407 0.000000
-1459902842 0.000000
-1454713899 0.000000
-1453658409 0.000000
-1449470462 0.000000
-1444063009 0.000000
-1441177429 0.000000
-1430765858 0.000000
-1421595917 0.000000
-1420025626 0.000000
-1413690872 0.000000
-1400893405 0.000000
-1396646967 0.000000
-1391473565 0.000000
-1390788697 0.000000
-1389403330 0.000000
-1386516549 0.000000
-1383726702 0.000000
-1380879699 0.000000
-1370476032 0.000000
-1366809545 0.000000
-1357179141 0.000000
-1354047169 0.000000
-1348377873 0.000000
-1342541743 0.000000
-1338485268 0.000000
-1338162627 0.000000
-1330076759 0.000000
-1317120023 0.000000
-1298721545 0.000000
-1294729576 0.000000
-1290222807 0.000000
-1288266612 0.000000
-1269944514 0.000000
-1254154240 0.000000
-1253440906 0.000000
-1244414286 0.000000
-1174300305 0.000000
-1171270030 0.000000
-1155200485 0.000000
-1152197850 0.000000
-1151165401 0.000000
-1145987447 0.000000
-1136858278 0.000000
-1134070465 0.000000
-1132741210 0.000000
-1117316283 0.000000
-1112070799 0.000000
-1106248385 0.000000
-1097635856 0.000000
-1082822115 0.000000
-1071114042 0.000000
-1070039400 0.000000
-1063838993 0.000000
-1055054614 0.000000
-1045989209 0.000000
-1039424252 0.000000
-1008345658 0.000000
-1008071546 0.000000
-996313679 0.000000
-993349165 0.000000
-991716031 0.000000
-976872304 0.000000
-974206077 0.000000
-973515458 0.000000
-958301965 0.000000
-954539542 0.000000
-953308259 0.000000
-949900247 0.000000
-939769789 0.000000
-929245492 0.000000
-923350740 0.000000
-922705828 0.000000
-922553403 0.000000
-902818165 0.000000
-898637604 0.000000
-887897294 0.000000
-869321663 0.000000
-849910077 0.000000
-849020525 0.000000
-848920096 0.000000
-846815309 0.000000
-807520873 0.000000
-766209637 0.000000
-761172281 0.000000
-757913464 0.000000
-747835115 0.000000
-746248733 0.000000
-740977689 0.000000
-728907679 0.000000
-717045225 0.000000
-716617249 0.000000
-705568681 0.000000
-685619853 0.000000
-684063170 0.000000
-656322098 0.000000
-653471022 0.000000
-634991839 0.000000
-612436723 0.000000
-594326116 0.000000
-590306327 0.000000
-586797774 0.000000
-573975501 0.000000
-569568602 0.000000
-560976715 0.000000
-554874262 0.000000
-530153885 0.000000
-518370142 0.000000
-477978642 0.000000
-464668378 0.000000
-385538699 0.000000
-372842710 0.000000
-354217080 0.000000
-318697883 0.000000
-302099011 0.000000
-282555607 0.000000
-278355484 0.000000
-262922116 0.000000
-242747090 0.000000
-211370211 0.000000
-172323428 0.000000
14677238 0.000000
145553228 0.000000
180806032 0.000000
225336708 0.000000
235915156 0.000000
285580264 0.000000
362769313 0.000000
398934714 0.000000
450425992 0.000000
472752581 0.000000
480553144 0.000000
490448519 0.000000
492303169 0.000000
512387985 0.000000
555616828 0.000000
556600579 0.000000
589616297 0.000000
603042923 0.000000
607614259 0.000000
707100436 0.000000
760684077 0.000000
775333203 0.000000
779004277 0.000000
794874601 0.000000
816729096 0.000000
841062527 0.000000
859365085 0.000000
876916105 0.000000
893775148 0.000000
893939522 0.000000
898863314 0.000000
907385714 0.000000
917509751 0.000000
937737201 0.000000
937848790 0.000000
940049704 0.000000
950025728 0.000000
962556918 0.000000
986258032 0.000000
995933727 0.000000
1001478966 0.000000
1001929687 0.000000
1015494636 0.000000
1025957969 0.000000
1029456902 0.000000
1036064715 0.000000
1046812893 0.000000
1057271410 0.000000
1070021463 0.000000
1070909418 0.000000
1087567728 0.000000
1104273278 0.000000
1109920970 0.000000
1115388104 0.000000
1118404277 0.000000
1122093887 0.000000
1130482423 0.000000
1136375148 0.000000
1141899391 0.000000
1157005113 0.000000
1171943581 0.000000
1187989648 0.000000
1191470592 0.000000
1191479455 0.000000
1196276875 0.000000
1197487312 0.000000
1200118463 0.000000
1200904667 0.000000
1203031067 0.000000
1217213355 0.000000
1224016458 0.000000
1224796790 0.000000
1225970019 0.000000
1229560172 0.000000
1232854561 0.000000
1261899700 0.000000
1263087493 0.000000
1285144863 0.000000
1285827325 0.000000
1291797335 0.000000
1293768579 0.000000
1311823378 0.000000
1314227569 0.000000
1314369939 0.000000
1316003162 0.000000
1324448055 0.000000
1330864898 0.000000
1330976576 0.000000
1331621540 0.000000
1333686518 0.000000
1341528823 0.000000
1365312321 0.000000
1369061236 0.000000
1378264307 0.000000
1384160581 0.000000
1384480521 0.000000
1388144001 0.000000
1389788901 0.000000
1399875477 0.000000
1399931310 0.000000
1404022904 0.000000
1407077327 0.000000
1418628058 0.000000
1423109762 0.000000
1431143340 0.000000
1434259800 0.000000
1445557581 0.000000
1448760971 0.000000
1456748876 0.000000
1470547188 0.000000
1470561739 0.000000
1475103198 0.000000
1476544798 0.000000
1493517860 0.000000
1496124559 0.000000
1499621365 0.000000
1506066765 0.000000
1511617355 0.000000
1512275029 0.000000
1518752546 0.000000
1518771653 0.000000
1520748491 0.000000
1522024717 0.000000
1528524133 0.000000
1529784069 0.000000
1558124611 0.000000
1559114053 0.000000
1564104371 0.000000
1565155215 0.000000
1567152569 0.000000
1568668392 0.000000
1576735256 0.000000
1578515054 0.000000
1593444195 0.000000
1606764290 0.000000
1607544908 0.000000
1608020191 0.000000
1609071678 0.000000
1609896764 0.000000
1610822423 0.000000
1621469691 0.000000
1623172018 0.000000
1625373911 0.000000
1637202491 0.000000
1644052953 0.000000
1662720234 0.000000
1674747686 0.000000
1681960246 0.000000
1684352886 0.000000
1684668945 0.000000
1689836642 0.000000
1690128682 0.000000
1690135520 0.000000
1703626223 0.000000
1711187367 0.000000
1721752496 0.000000
1723063410 0.000000
1731394252 0.000000
1731786841 0.000000
1732106077 0.000000
1732866732 0.000000
1740455163 0.000000
1746321416 0.000000
1754996072 0.000000
1764701385 0.000000
1766932866 0.000000
1774141234 0.000000
1780051850 0.000000
1784657933 0.000000
1786158070 0.000000
1787885644 0.000000
1799733020 0.000000
1823281522 0.000000
1826933896 0.000000
1833597895 0.000000
1837045071 0.000000
1841560404 0.000000
1843865286 0.000000
1849628425 0.000000
1852716719 0.000000
1856360370 0.000000
1856713668 0.000000
1861027546 0.000000
1862219107 0.000000
1863562642 0.000000
1868980200 0.000000
1878593989 0.000000
1885888749 0.000000
1889163803 0.000000
1898475394 0.000000
1899531551 0.000000
1911640666 0.000000
1911887240 0.000000
1913219534 0.000000
1921231314 0.000000
1927905816 0.000000
1927917862 0.000000
1934143809 0.000000
1940465376 0.000000
1943012112 0.000000
1951357080 0.000000
1952434843 0.000000
1954433041 0.000000
1955060124 0.000000
1957603983 0.000000
1973419989 0.000000
1974018342 0.000000
1991212843 0.000000
2002078498 0.000000
2003099084 0.000000
2020347146 0.000000
2021658996 0.000000
2022254577 0.000000
2024328070 0.000000
2024795038 0.000000
2025988159 0.000000
2031580675 0.000000
2050059318 0.000000
2051564929 0.000000
2055060456 0.000000
2059185585 0.000000
2059653117 0.000000
2063282796 0.000000
2074347722 0.000000
2075617022 0.000000
2076134517 0.000000
2089383554 0.000000
2090163259 0.000000
2091074440 0.000000
2092141482 0.000000
2094250083 0.000000
2100264517 0.000000
2107200728 0.000000
2112608488 0.000000
2113526481 0.000000
2121588811 0.000000
2124801288 0.000000
2127439287 0.000000
2130849223 0.000000
2131799280 0.000000
2134555446 0.000000
2134657793 0.000000
2137051613 0.000000
2142114539 0.000000
2144121311 0.000000
